83880
84484
71010
71020
82550
85610
83735
82553
93306
83518
80048
85025
85730
78452
85379
84100
93970
71275
93000
94799
93307
82803
A9500
93325
93320
80053
71250
83874
94760
87040
A9502
83036
84132
J2785
78465
82947
93010
93015
82565
85999
84520
84295
36600
82435
83540
84450
82728
82374
76770
94640
82310
80076
85014
82040
82247
83605
84460
84443
83550
83970
82570
93971
82043
82962
80061
98966
99499
84550
82330
84155
84075
85018
85670
71260
84466
84156
93005
82948
80069
76775
97150
T1016
82800
76700
94664
98967
73560
86140
84439
99233
76705
99253
85027
80051
84999
83020
99232
81003
81015
73510
97001
S0257
82306
85048
70553
83615